
XFOIL
Airfoil = OSO-21
Re = 3e6
Ncrit = 9.0
X_trip_upper = 1.0
X_trip_lower = 1.0
 alpha      CL      CD        Re       CM     S_xtr   P_xtr
-------  -------  -------  --------  -------  ------  ------
-30.000  -1.0271  0.26747   3000000   0.0830  1.0000  0.0112
-29.000  -1.0212  0.25192   3000000   0.0685  1.0000  0.0123
-28.000  -1.0119  0.23729   3000000   0.0550  1.0000  0.0131
-27.000  -1.0121  0.22041   3000000   0.0402  1.0000  0.0145
-26.000  -1.0104  0.20411   3000000   0.0265  1.0000  0.0153
-25.000  -1.0402  0.18174   3000000   0.0091  1.0000  0.0165
-24.000  -1.0947  0.15595   3000000  -0.0095  1.0000  0.0175
-23.000  -1.1749  0.12769   3000000  -0.0276  1.0000  0.0181
-22.000  -1.2580  0.10118   3000000  -0.0425  1.0000  0.0185
-21.000  -1.3267  0.07849   3000000  -0.0539  1.0000  0.0194
-20.000  -1.3503  0.06290   3000000  -0.0609  1.0000  0.0203
-19.000  -1.3456  0.05141   3000000  -0.0655  1.0000  0.0211
-18.000  -1.3279  0.04192   3000000  -0.0687  1.0000  0.0225
-17.000  -1.2947  0.03444   3000000  -0.0707  1.0000  0.0241
-16.000  -1.2501  0.02856   3000000  -0.0717  1.0000  0.0258
-15.000  -1.2025  0.02387   3000000  -0.0709  1.0000  0.0279
-14.000  -1.1152  0.01983   3000000  -0.0756  0.9788  0.0310
-13.000  -1.0412  0.01733   3000000  -0.0753  0.7254  0.0343
-12.000  -0.9391  0.01501   3000000  -0.0793  0.6499  0.0389
-11.000  -0.8216  0.01313   3000000  -0.0849  0.6015  0.0449
-10.000  -0.6943  0.01164   3000000  -0.0911  0.5664  0.0529
 -9.000  -0.5671  0.01059   3000000  -0.0960  0.5355  0.0637
 -8.000  -0.4386  0.00974   3000000  -0.1005  0.5118  0.0784
 -7.000  -0.3089  0.00905   3000000  -0.1048  0.4894  0.0987
 -6.000  -0.1780  0.00843   3000000  -0.1092  0.4685  0.1283
 -5.000  -0.0461  0.00789   3000000  -0.1137  0.4505  0.1715
 -4.000   0.0874  0.00734   3000000  -0.1186  0.4333  0.2412
 -3.000   0.2224  0.00679   3000000  -0.1237  0.4168  0.3447
 -2.000   0.3536  0.00656   3000000  -0.1278  0.4008  0.4264
 -1.000   0.4809  0.00656   3000000  -0.1307  0.3873  0.4728
  0.000   0.6067  0.00664   3000000  -0.1332  0.3763  0.5055
  1.000   0.7308  0.00683   3000000  -0.1354  0.3635  0.5312
  2.000   0.8537  0.00709   3000000  -0.1374  0.3499  0.5515
  3.000   0.9758  0.00732   3000000  -0.1392  0.3417  0.5659
  4.000   1.0968  0.00765   3000000  -0.1410  0.3299  0.5825
  5.000   1.2164  0.00800   3000000  -0.1425  0.3200  0.5962
  6.000   1.3347  0.00838   3000000  -0.1438  0.3109  0.6062
  7.000   1.4508  0.00889   3000000  -0.1448  0.2984  0.6215
  8.000   1.5660  0.00935   3000000  -0.1457  0.2891  0.6330
  9.000   1.6773  0.01002   3000000  -0.1460  0.2727  0.6445
 10.000   1.7846  0.01085   3000000  -0.1458  0.2539  0.6574
 11.000   1.8852  0.01196   3000000  -0.1445  0.2293  0.6668
 12.000   1.9602  0.01432   3000000  -0.1394  0.1771  0.6811
 13.000   1.9408  0.02011   3000000  -0.1208  0.0984  0.6909
 14.000   1.9063  0.03088   3000000  -0.1109  0.0566  0.7035
 15.000   1.8683  0.04626   3000000  -0.1089  0.0422  0.7127
 16.000   1.8081  0.06465   3000000  -0.1078  0.0355  0.7223
 17.000   1.7509  0.08392   3000000  -0.1085  0.0311  0.7285
 18.000   1.7089  0.10199   3000000  -0.1105  0.0274  0.7393
 19.000   1.6772  0.11916   3000000  -0.1138  0.0242  0.7464
 20.000   1.6586  0.13489   3000000  -0.1184  0.0219  0.7578
 21.000   1.6552  0.14843   3000000  -0.1235  0.0197  0.7662
 22.000   1.6509  0.16239   3000000  -0.1303  0.0178  0.7796
 23.000   1.6569  0.17459   3000000  -0.1372  0.0164  0.7923
 24.000   1.6650  0.18639   3000000  -0.1447  0.0150  0.8060
 25.000   1.6759  0.19762   3000000  -0.1528  0.0139  0.8236
 26.000   1.6848  0.20901   3000000  -0.1617  0.0127  0.8451
 27.000   1.6975  0.21954   3000000  -0.1706  0.0121  0.8919
 28.000   1.7055  0.23040   3000000  -0.1803  0.0112  1.0000
 29.000   1.7137  0.24134   3000000  -0.1909  0.0105  1.0000
 30.000   1.7241  0.25153   3000000  -0.2015  0.0099  1.0000

XFOIL
Airfoil = OSO-21
Re = 3e6
Ncrit = 3.0
X_trip_upper = 0.05
X_trip_lower = 0.05
 alpha      CL      CD        Re       CM     S_xtr   P_xtr
-------  -------  -------  --------  -------  ------  ------
-30.000  -0.9955  0.27677   3000000   0.0890  1.0000  0.0075
-29.000  -0.9810  0.26294   3000000   0.0758  1.0000  0.0082
-28.000  -0.9743  0.24690   3000000   0.0615  1.0000  0.0091
-27.000  -0.9732  0.22968   3000000   0.0468  1.0000  0.0100
-26.000  -0.9757  0.21186   3000000   0.0319  1.0000  0.0106
-25.000  -1.0056  0.18873   3000000   0.0140  1.0000  0.0114
-24.000  -1.0599  0.16222   3000000  -0.0052  1.0000  0.0123
-23.000  -1.1433  0.13272   3000000  -0.0244  1.0000  0.0127
-22.000  -1.2289  0.10533   3000000  -0.0401  1.0000  0.0129
-21.000  -1.2905  0.08315   3000000  -0.0515  1.0000  0.0133
-20.000  -1.3208  0.06639   3000000  -0.0592  1.0000  0.0139
-19.000  -1.3230  0.05386   3000000  -0.0644  1.0000  0.0146
-18.000  -1.3062  0.04405   3000000  -0.0680  1.0000  0.0153
-17.000  -1.2734  0.03697   3000000  -0.0703  0.6802  0.0165
-16.000  -1.2282  0.03088   3000000  -0.0720  0.6250  0.0177
-15.000  -1.1726  0.02606   3000000  -0.0730  0.5861  0.0187
-14.000  -1.1064  0.02298   3000000  -0.0743  0.0500  0.0208
-13.000  -1.0330  0.01981   3000000  -0.0748  0.0500  0.0227
-12.000  -0.9438  0.01737   3000000  -0.0768  0.0500  0.0252
-11.000  -0.8322  0.01541   3000000  -0.0816  0.0500  0.0285
-10.000  -0.7085  0.01384   3000000  -0.0876  0.0500  0.0335
 -9.000  -0.5816  0.01276   3000000  -0.0928  0.0500  0.0398
 -8.000  -0.4548  0.01201   3000000  -0.0970  0.0500  0.0473
 -7.000  -0.3280  0.01156   3000000  -0.1006  0.0500  0.0500
 -6.000  -0.2013  0.01128   3000000  -0.1039  0.0500  0.0500
 -5.000  -0.0746  0.01109   3000000  -0.1071  0.0500  0.0500
 -4.000   0.0518  0.01099   3000000  -0.1102  0.0500  0.0500
 -3.000   0.1778  0.01097   3000000  -0.1132  0.0500  0.0500
 -2.000   0.3033  0.01102   3000000  -0.1160  0.0500  0.0500
 -1.000   0.4279  0.01114   3000000  -0.1186  0.0500  0.0500
  0.000   0.5515  0.01134   3000000  -0.1210  0.0500  0.0500
  1.000   0.6739  0.01161   3000000  -0.1233  0.0500  0.0500
  2.000   0.7950  0.01194   3000000  -0.1253  0.0500  0.0500
  3.000   0.9144  0.01235   3000000  -0.1270  0.0500  0.0500
  4.000   1.0319  0.01284   3000000  -0.1285  0.0500  0.0500
  5.000   1.1471  0.01340   3000000  -0.1295  0.0500  0.0500
  6.000   1.2596  0.01406   3000000  -0.1302  0.0500  0.0500
  7.000   1.3687  0.01482   3000000  -0.1303  0.0500  0.0500
  8.000   1.4734  0.01569   3000000  -0.1298  0.0500  0.0500
  9.000   1.5720  0.01671   3000000  -0.1284  0.0500  0.0500
 10.000   1.6608  0.01793   3000000  -0.1254  0.0500  0.0500
 11.000   1.7133  0.02015   3000000  -0.1171  0.0415  0.0500
 12.000   1.7512  0.02435   3000000  -0.1099  0.0302  0.0500
 13.000   1.7771  0.03156   3000000  -0.1065  0.0247  0.0500
 14.000   1.7781  0.04304   3000000  -0.1056  0.0210  0.0500
 18.000   1.6558  0.10915   3000000  -0.1119  0.0149  0.6757
 19.000   1.6366  0.12491   3000000  -0.1155  0.0138  0.6832
 20.000   1.6307  0.13892   3000000  -0.1199  0.0127  0.6917
 21.000   1.6269  0.15280   3000000  -0.1256  0.0117  0.7011
 22.000   1.6321  0.16528   3000000  -0.1318  0.0106  0.7090
 23.000   1.6425  0.17681   3000000  -0.1385  0.0101  0.7207
 24.000   1.6536  0.18815   3000000  -0.1459  0.0094  0.7287
 25.000   1.6650  0.19935   3000000  -0.1540  0.0086  0.7420
 26.000   1.6777  0.21001   3000000  -0.1624  0.0081  0.7510
 27.000   1.6895  0.22067   3000000  -0.1715  0.0075  0.7647
 28.000   1.7002  0.23136   3000000  -0.1813  0.0070  0.7769
 29.000   1.7112  0.24176   3000000  -0.1915  0.0067  0.7921
 30.000   1.7206  0.25220   3000000  -0.2023  0.0063  0.8074

XFOIL
Airfoil = OSO-21
Re = 6e6
Ncrit = 9.0
X_trip_upper = 1.0
X_trip_lower = 1.0
 alpha      CL      CD        Re       CM     S_xtr   P_xtr
-------  -------  -------  --------  -------  ------  ------
-30.000  -1.0566  0.25996   6000000   0.0776  1.0000  0.0101
-29.000  -1.0447  0.24639   6000000   0.0643  1.0000  0.0106
-28.000  -1.0586  0.22658   6000000   0.0470  1.0000  0.0118
-27.000  -1.0852  0.20460   6000000   0.0285  1.0000  0.0127
-26.000  -1.1287  0.18038   6000000   0.0091  1.0000  0.0131
-25.000  -1.2286  0.14777   6000000  -0.0145  1.0000  0.0141
-24.000  -1.3314  0.11778   6000000  -0.0334  1.0000  0.0146
-23.000  -1.4112  0.09328   6000000  -0.0469  1.0000  0.0150
-22.000  -1.4509  0.07548   6000000  -0.0555  1.0000  0.0154
-21.000  -1.4672  0.06132   6000000  -0.0617  1.0000  0.0157
-20.000  -1.4705  0.04935   6000000  -0.0662  1.0000  0.0170
-19.000  -1.4497  0.04044   6000000  -0.0690  1.0000  0.0179
-18.000  -1.4117  0.03356   6000000  -0.0708  1.0000  0.0186
-17.000  -1.3693  0.02749   6000000  -0.0719  1.0000  0.0204
-16.000  -1.3138  0.02309   6000000  -0.0719  1.0000  0.0213
-15.000  -1.2393  0.01938   6000000  -0.0739  0.8617  0.0239
-14.000  -1.1614  0.01680   6000000  -0.0747  0.6873  0.0261
-13.000  -1.0580  0.01451   6000000  -0.0787  0.6275  0.0288
-12.000  -0.9400  0.01263   6000000  -0.0843  0.5852  0.0329
-11.000  -0.8120  0.01109   6000000  -0.0908  0.5518  0.0388
-10.000  -0.6850  0.01009   6000000  -0.0955  0.5224  0.0454
 -9.000  -0.5572  0.00930   6000000  -0.0997  0.4964  0.0545
 -8.000  -0.4284  0.00864   6000000  -0.1038  0.4760  0.0663
 -7.000  -0.2986  0.00808   6000000  -0.1078  0.4563  0.0829
 -6.000  -0.1683  0.00760   6000000  -0.1118  0.4379  0.1051
 -5.000  -0.0378  0.00721   6000000  -0.1157  0.4205  0.1356
 -4.000   0.0937  0.00682   6000000  -0.1198  0.4062  0.1822
 -3.000   0.2264  0.00640   6000000  -0.1242  0.3940  0.2540
 -2.000   0.3592  0.00604   6000000  -0.1287  0.3802  0.3474
 -1.000   0.4887  0.00591   6000000  -0.1322  0.3652  0.4198
  0.000   0.6155  0.00593   6000000  -0.1350  0.3550  0.4656
  1.000   0.7408  0.00602   6000000  -0.1374  0.3443  0.4983
  2.000   0.8644  0.00623   6000000  -0.1396  0.3311  0.5243
  3.000   0.9872  0.00644   6000000  -0.1416  0.3227  0.5438
  4.000   1.1090  0.00668   6000000  -0.1434  0.3129  0.5602
  5.000   1.2291  0.00703   6000000  -0.1450  0.3014  0.5734
  6.000   1.3488  0.00731   6000000  -0.1465  0.2944  0.5852
  7.000   1.4664  0.00774   6000000  -0.1478  0.2823  0.6004
  8.000   1.5813  0.00827   6000000  -0.1486  0.2657  0.6106
  9.000   1.6937  0.00892   6000000  -0.1491  0.2476  0.6239
 10.000   1.7996  0.00993   6000000  -0.1487  0.2185  0.6360
 11.000   1.8799  0.01248   6000000  -0.1443  0.1474  0.6457
 12.000   1.9079  0.01668   6000000  -0.1316  0.0659  0.6594
 13.000   1.9277  0.02072   6000000  -0.1195  0.0407  0.6669
 14.000   1.9504  0.02680   6000000  -0.1130  0.0309  0.6822
 15.000   1.9565  0.03684   6000000  -0.1106  0.0260  0.6895
 16.000   1.9277  0.05122   6000000  -0.1089  0.0232  0.7027
 17.000   1.8718  0.06926   6000000  -0.1082  0.0209  0.7077
 18.000   1.8222  0.08753   6000000  -0.1090  0.0195  0.7190
 19.000   1.7825  0.10504   6000000  -0.1110  0.0178  0.7263
 20.000   1.7540  0.12148   6000000  -0.1144  0.0166  0.7353
 21.000   1.7332  0.13717   6000000  -0.1192  0.0152  0.7449
 22.000   1.7308  0.15024   6000000  -0.1244  0.0141  0.7555
 23.000   1.7254  0.16396   6000000  -0.1312  0.0128  0.7652
 24.000   1.7303  0.17592   6000000  -0.1382  0.0121  0.7792
 25.000   1.7353  0.18784   6000000  -0.1461  0.0109  0.7916
 26.000   1.7459  0.19868   6000000  -0.1541  0.0104  0.8075
 27.000   1.7559  0.20937   6000000  -0.1627  0.0098  0.8258
 28.000   1.7626  0.22048   6000000  -0.1724  0.0088  0.8518
 29.000   1.7731  0.23058   6000000  -0.1818  0.0085  1.0000
 30.000   1.7883  0.23955   6000000  -0.1909  0.0081  1.0000

XFOIL
Airfoil = OSO-21
Re = 6e6
Ncrit = 3.0
X_trip_upper = 0.05
X_trip_lower = 0.05
 alpha      CL      CD        Re       CM     S_xtr   P_xtr
-------  -------  -------  --------  -------  ------  ------
-30.000  -1.0205  0.26991   6000000   0.0843  1.0000  0.0066
-29.000  -1.0204  0.25263   6000000   0.0687  1.0000  0.0075
-28.000  -1.0252  0.23449   6000000   0.0527  1.0000  0.0082
-27.000  -1.0365  0.21516   6000000   0.0363  1.0000  0.0086
-26.000  -1.0793  0.19006   6000000   0.0162  1.0000  0.0094
-25.000  -1.1545  0.16055   6000000  -0.0057  1.0000  0.0099
-24.000  -1.2487  0.13033   6000000  -0.0258  1.0000  0.0101
-23.000  -1.3380  0.10338   6000000  -0.0413  1.0000  0.0103
-22.000  -1.3981  0.08210   6000000  -0.0522  1.0000  0.0105
-21.000  -1.4247  0.06627   6000000  -0.0594  1.0000  0.0107
-20.000  -1.4330  0.05335   6000000  -0.0646  1.0000  0.0116
-19.000  -1.4177  0.04424   6000000  -0.0679  0.6837  0.0123
-18.000  -1.3847  0.03675   6000000  -0.0702  0.6336  0.0128
-17.000  -1.3404  0.03060   6000000  -0.0719  0.5937  0.0135
-16.000  -1.2886  0.02551   6000000  -0.0729  0.5600  0.0147
-15.000  -1.2233  0.02155   6000000  -0.0737  0.5341  0.0157
-13.000  -1.0601  0.01662   6000000  -0.0766  0.0500  0.0188
-12.000  -0.9483  0.01462   6000000  -0.0814  0.0500  0.0212
-11.000  -0.8241  0.01305   6000000  -0.0875  0.0500  0.0245
-10.000  -0.6969  0.01198   6000000  -0.0927  0.0500  0.0281
 -9.000  -0.5703  0.01122   6000000  -0.0968  0.0500  0.0331
 -8.000  -0.4425  0.01061   6000000  -0.1008  0.0500  0.0400
 -7.000  -0.3141  0.01014   6000000  -0.1046  0.0500  0.0489
 -6.000  -0.1869  0.00992   6000000  -0.1078  0.0500  0.0500
 -5.000  -0.0600  0.00979   6000000  -0.1109  0.0500  0.0500
 -4.000   0.0666  0.00973   6000000  -0.1138  0.0500  0.0500
 -3.000   0.1928  0.00973   6000000  -0.1167  0.0500  0.0500
 -2.000   0.3185  0.00979   6000000  -0.1194  0.0500  0.0500
 -1.000   0.4434  0.00991   6000000  -0.1220  0.0500  0.0500
  0.000   0.5674  0.01009   6000000  -0.1244  0.0500  0.0500
  1.000   0.6904  0.01033   6000000  -0.1266  0.0500  0.0500
  2.000   0.8122  0.01062   6000000  -0.1287  0.0500  0.0500
  3.000   0.9326  0.01098   6000000  -0.1305  0.0500  0.0500
  4.000   1.0514  0.01140   6000000  -0.1321  0.0500  0.0500
  5.000   1.1683  0.01188   6000000  -0.1334  0.0500  0.0500
  6.000   1.2831  0.01243   6000000  -0.1343  0.0500  0.0500
  7.000   1.3952  0.01306   6000000  -0.1349  0.0500  0.0500
  8.000   1.5041  0.01378   6000000  -0.1350  0.0500  0.0500
  9.000   1.6089  0.01459   6000000  -0.1344  0.0500  0.0500
 10.000   1.6981  0.01610   6000000  -0.1314  0.0340  0.0500
 11.000   1.7627  0.01781   6000000  -0.1243  0.0250  0.0500
 12.000   1.8162  0.02035   6000000  -0.1169  0.0201  0.0500
 16.000   1.8621  0.05845   6000000  -0.1083  0.0127  0.6417
 17.000   1.8175  0.07575   6000000  -0.1082  0.0120  0.6462
 18.000   1.7695  0.09418   6000000  -0.1096  0.0111  0.6551
 19.000   1.7381  0.11091   6000000  -0.1121  0.0104  0.6639
 20.000   1.7154  0.12680   6000000  -0.1158  0.0099  0.6682
 21.000   1.7086  0.14064   6000000  -0.1204  0.0091  0.6804
 22.000   1.7006  0.15477   6000000  -0.1265  0.0085  0.6868
 23.000   1.7057  0.16692   6000000  -0.1328  0.0080  0.6969
 24.000   1.7119  0.17875   6000000  -0.1398  0.0073  0.7065
 25.000   1.7211  0.19002   6000000  -0.1474  0.0068  0.7156
 26.000   1.7323  0.20081   6000000  -0.1555  0.0066  0.7266
 27.000   1.7425  0.21147   6000000  -0.1642  0.0062  0.7372
 28.000   1.7509  0.22231   6000000  -0.1737  0.0056  0.7473
 29.000   1.7603  0.23277   6000000  -0.1836  0.0052  0.7611
 30.000   1.7697  0.24298   6000000  -0.1939  0.0051  0.7734

XFOIL
Airfoil = OSO-21
Re = 12e6
Ncrit = 9.0
X_trip_upper = 1.0
X_trip_lower = 1.0
 alpha      CL      CD        Re       CM     S_xtr   P_xtr
-------  -------  -------  --------  -------  ------  ------
-29.000  -1.1316  0.22647  12000000   0.0493  1.0000  0.0100
-28.000  -1.1728  0.20243  12000000   0.0285  1.0000  0.0105
-27.000  -1.2274  0.17723  12000000   0.0078  1.0000  0.0106
-26.000  -1.3293  0.14558  12000000  -0.0157  1.0000  0.0113
-25.000  -1.4383  0.11569  12000000  -0.0348  1.0000  0.0119
-24.000  -1.5154  0.09238  12000000  -0.0476  1.0000  0.0123
-23.000  -1.5666  0.07364  12000000  -0.0566  1.0000  0.0127
-22.000  -1.5766  0.06072  12000000  -0.0620  1.0000  0.0129
-21.000  -1.5763  0.04937  12000000  -0.0662  1.0000  0.0134
-20.000  -1.5601  0.04021  12000000  -0.0690  1.0000  0.0145
-19.000  -1.5267  0.03302  12000000  -0.0708  1.0000  0.0152
-18.000  -1.4785  0.02743  12000000  -0.0719  1.0000  0.0156
-17.000  -1.4264  0.02245  12000000  -0.0727  0.9967  0.0175
-16.000  -1.3557  0.01944  12000000  -0.0733  0.7294  0.0183
-15.000  -1.2805  0.01643  12000000  -0.0740  0.6522  0.0203
-14.000  -1.1772  0.01416  12000000  -0.0780  0.6010  0.0221
-13.000  -1.0593  0.01228  12000000  -0.0836  0.5663  0.0247
-12.000  -0.9312  0.01077  12000000  -0.0901  0.5348  0.0282
-11.000  -0.8043  0.00977  12000000  -0.0947  0.5089  0.0324
-10.000  -0.6769  0.00897  12000000  -0.0988  0.4854  0.0389
 -9.000  -0.5487  0.00833  12000000  -0.1026  0.4646  0.0459
 -8.000  -0.4197  0.00778  12000000  -0.1065  0.4449  0.0563
 -7.000  -0.2901  0.00732  12000000  -0.1102  0.4283  0.0692
 -6.000  -0.1602  0.00692  12000000  -0.1139  0.4137  0.0865
 -5.000  -0.0304  0.00661  12000000  -0.1175  0.3982  0.1080
 -4.000   0.0999  0.00631  12000000  -0.1212  0.3826  0.1424
 -3.000   0.2302  0.00606  12000000  -0.1249  0.3685  0.1886
 -2.000   0.3613  0.00579  12000000  -0.1288  0.3584  0.2561
 -1.000   0.4919  0.00556  12000000  -0.1326  0.3469  0.3356
  0.000   0.6205  0.00550  12000000  -0.1359  0.3321  0.4067
  1.000   0.7468  0.00552  12000000  -0.1386  0.3256  0.4499
  2.000   0.8716  0.00564  12000000  -0.1410  0.3140  0.4869
  3.000   0.9949  0.00583  12000000  -0.1431  0.3039  0.5139
  4.000   1.1175  0.00601  12000000  -0.1451  0.2964  0.5337
  5.000   1.2382  0.00633  12000000  -0.1467  0.2833  0.5473
  6.000   1.3588  0.00656  12000000  -0.1485  0.2782  0.5645
  7.000   1.4762  0.00703  12000000  -0.1497  0.2602  0.5791
  8.000   1.5906  0.00766  12000000  -0.1505  0.2363  0.5881
  9.000   1.7004  0.00856  12000000  -0.1506  0.2049  0.6036
 10.000   1.7861  0.01113  12000000  -0.1470  0.1179  0.6149
 11.000   1.8586  0.01394  12000000  -0.1412  0.0515  0.6251
 12.000   1.9314  0.01589  12000000  -0.1356  0.0326  0.6390
 13.000   1.9759  0.01816  12000000  -0.1255  0.0257  0.6463
 15.000   2.0413  0.02823  12000000  -0.1128  0.0180  0.6691
 16.000   2.0455  0.03859  12000000  -0.1107  0.0166  0.6833
 17.000   2.0082  0.05367  12000000  -0.1088  0.0152  0.6883
 18.000   1.9593  0.07078  12000000  -0.1081  0.0146  0.7009
 19.000   1.9016  0.08975  12000000  -0.1090  0.0135  0.7067
 20.000   1.8624  0.10685  12000000  -0.1110  0.0127  0.7156
 21.000   1.8310  0.12336  12000000  -0.1146  0.0120  0.7249
 22.000   1.8060  0.13934  12000000  -0.1198  0.0109  0.7310
 23.000   1.8044  0.15194  12000000  -0.1250  0.0104  0.7441
 24.000   1.8048  0.16430  12000000  -0.1314  0.0098  0.7532
 25.000   1.7968  0.17798  12000000  -0.1396  0.0088  0.7648
 26.000   1.8045  0.18907  12000000  -0.1472  0.0085  0.7785
 28.000   1.8176  0.21099  12000000  -0.1647  0.0074  0.8080
 29.000   1.8336  0.21993  12000000  -0.1729  0.0068  0.8292

XFOIL
Airfoil = OSO-21
Re = 12e6
Ncrit = 3.0
X_trip_upper = 0.05
X_trip_lower = 0.05
 alpha      CL      CD        Re       CM     S_xtr   P_xtr
-------  -------  -------  --------  -------  ------  ------
-30.000  -1.0695  0.25715  12000000   0.0752  1.0000  0.0063
-28.000  -1.1032  0.21699  12000000   0.0397  1.0000  0.0069
-27.000  -1.1534  0.19119  12000000   0.0184  1.0000  0.0075
-26.000  -1.2415  0.16025  12000000  -0.0054  1.0000  0.0080
-25.000  -1.3301  0.13178  12000000  -0.0248  1.0000  0.0082
-24.000  -1.4265  0.10437  12000000  -0.0409  1.0000  0.0084
-23.000  -1.4931  0.08271  12000000  -0.0521  1.0000  0.0085
-22.000  -1.5231  0.06681  12000000  -0.0593  1.0000  0.0086
-20.000  -1.5204  0.04470  12000000  -0.0679  0.6232  0.0097
-19.000  -1.4929  0.03679  12000000  -0.0702  0.5921  0.0102
-18.000  -1.4504  0.03055  12000000  -0.0718  0.5593  0.0105
-17.000  -1.4000  0.02535  12000000  -0.0728  0.5348  0.0115
-16.000  -1.3387  0.02118  12000000  -0.0735  0.5123  0.0124
-15.000  -1.2624  0.01805  12000000  -0.0743  0.4919  0.0129
-13.000  -1.0652  0.01407  12000000  -0.0809  0.0500  0.0158
-12.000  -0.9412  0.01245  12000000  -0.0871  0.0500  0.0181
-11.000  -0.8136  0.01134  12000000  -0.0924  0.0500  0.0208
-10.000  -0.6872  0.01056  12000000  -0.0964  0.0500  0.0242
 -9.000  -0.5599  0.00996  12000000  -0.1002  0.0500  0.0282
 -8.000  -0.4318  0.00948  12000000  -0.1039  0.0500  0.0338
 -7.000  -0.3033  0.00910  12000000  -0.1075  0.0500  0.0406
 -6.000  -0.1747  0.00881  12000000  -0.1111  0.0500  0.0499
 -5.000  -0.0476  0.00872  12000000  -0.1140  0.0500  0.0500
 -4.000   0.0791  0.00868  12000000  -0.1169  0.0500  0.0500
 -3.000   0.2054  0.00870  12000000  -0.1196  0.0500  0.0500
 -2.000   0.3312  0.00876  12000000  -0.1223  0.0500  0.0500
 -1.000   0.4564  0.00888  12000000  -0.1248  0.0500  0.0500
  0.000   0.5807  0.00904  12000000  -0.1272  0.0500  0.0500
  1.000   0.7042  0.00925  12000000  -0.1295  0.0500  0.0500
  2.000   0.8266  0.00951  12000000  -0.1315  0.0500  0.0500
  3.000   0.9477  0.00983  12000000  -0.1334  0.0500  0.0500
  4.000   1.0675  0.01019  12000000  -0.1351  0.0500  0.0500
  5.000   1.1857  0.01061  12000000  -0.1366  0.0500  0.0500
  6.000   1.3021  0.01108  12000000  -0.1377  0.0500  0.0500
  7.000   1.4164  0.01161  12000000  -0.1386  0.0500  0.0500
  8.000   1.5271  0.01229  12000000  -0.1389  0.0465  0.0500
  9.000   1.6297  0.01339  12000000  -0.1380  0.0305  0.0500
 10.000   1.7273  0.01455  12000000  -0.1363  0.0222  0.0500
 11.000   1.8166  0.01584  12000000  -0.1333  0.0175  0.0500
 12.000   1.8773  0.01744  12000000  -0.1254  0.0149  0.0500
 15.000   2.0080  0.03134  12000000  -0.1115  0.0101  0.6089
 16.000   1.9990  0.04344  12000000  -0.1098  0.0093  0.6208
 17.000   1.9554  0.05944  12000000  -0.1082  0.0087  0.6257
 18.000   1.9077  0.07684  12000000  -0.1081  0.0085  0.6363
 19.000   1.8563  0.09538  12000000  -0.1094  0.0082  0.6427
 20.000   1.8184  0.11262  12000000  -0.1120  0.0076  0.6471
 21.000   1.7893  0.12909  12000000  -0.1162  0.0069  0.6581
 22.000   1.7842  0.14231  12000000  -0.1208  0.0067  0.6651
 23.000   1.7732  0.15657  12000000  -0.1272  0.0064  0.6739
 24.000   1.7748  0.16889  12000000  -0.1338  0.0060  0.6832
 25.000   1.7789  0.18067  12000000  -0.1411  0.0054  0.6904
 26.000   1.7869  0.19179  12000000  -0.1489  0.0052  0.7026
 27.000   1.7954  0.20262  12000000  -0.1573  0.0049  0.7090
 28.000   1.8027  0.21336  12000000  -0.1664  0.0046  0.7231
 29.000   1.8094  0.22408  12000000  -0.1761  0.0043  0.7295
 30.000   1.8166  0.23449  12000000  -0.1862  0.0039  0.7445

XFOIL
Airfoil = OSO-21
Re = 18e6
Ncrit = 9.0
X_trip_upper = 1.0
X_trip_lower = 1.0
 alpha      CL      CD        Re       CM     S_xtr   P_xtr
-------  -------  -------  --------  -------  ------  ------
-30.000  -1.1499  0.23807  18000000   0.0608  1.0000  0.0085
-29.000  -1.1884  0.21461  18000000   0.0398  1.0000  0.0089
-28.000  -1.2539  0.18713  18000000   0.0165  1.0000  0.0099
-27.000  -1.3534  0.15565  18000000  -0.0082  1.0000  0.0103
-26.000  -1.4407  0.12858  18000000  -0.0269  1.0000  0.0105
-25.000  -1.5348  0.10247  18000000  -0.0423  1.0000  0.0105
-24.000  -1.5897  0.08299  18000000  -0.0523  1.0000  0.0106
-23.000  -1.6248  0.06691  18000000  -0.0596  1.0000  0.0111
-22.000  -1.6419  0.05358  18000000  -0.0648  1.0000  0.0120
-21.000  -1.6321  0.04373  18000000  -0.0680  1.0000  0.0126
-20.000  -1.6026  0.03612  18000000  -0.0700  1.0000  0.0129
-19.000  -1.5620  0.02980  18000000  -0.0714  1.0000  0.0136
-18.000  -1.5150  0.02432  18000000  -0.0723  0.9992  0.0148
-17.000  -1.4525  0.02075  18000000  -0.0728  0.7266  0.0154
-16.000  -1.3795  0.01749  18000000  -0.0737  0.6522  0.0171
-15.000  -1.2915  0.01494  18000000  -0.0756  0.6016  0.0182
-14.000  -1.1797  0.01282  18000000  -0.0807  0.5664  0.0206
-13.000  -1.0552  0.01118  18000000  -0.0868  0.5351  0.0231
-12.000  -0.9267  0.00999  18000000  -0.0924  0.5099  0.0260
-11.000  -0.8003  0.00913  18000000  -0.0965  0.4862  0.0303
-10.000  -0.6727  0.00843  18000000  -0.1004  0.4640  0.0356
 -9.000  -0.5445  0.00788  18000000  -0.1041  0.4440  0.0411
 -8.000  -0.4153  0.00737  18000000  -0.1078  0.4282  0.0507
 -7.000  -0.2858  0.00694  18000000  -0.1114  0.4130  0.0624
 -6.000  -0.1562  0.00659  18000000  -0.1150  0.3979  0.0773
 -5.000  -0.0266  0.00631  18000000  -0.1185  0.3826  0.0967
 -4.000   0.1029  0.00608  18000000  -0.1219  0.3667  0.1240
 -3.000   0.2327  0.00586  18000000  -0.1254  0.3575  0.1591
 -2.000   0.3626  0.00565  18000000  -0.1289  0.3466  0.2102
 -1.000   0.4924  0.00548  18000000  -0.1325  0.3313  0.2795
  0.000   0.6217  0.00534  18000000  -0.1360  0.3244  0.3543
  1.000   0.7490  0.00532  18000000  -0.1389  0.3136  0.4124
  2.000   0.8742  0.00542  18000000  -0.1414  0.3019  0.4580
  3.000   0.9985  0.00552  18000000  -0.1437  0.2957  0.4885
  4.000   1.1210  0.00576  18000000  -0.1457  0.2824  0.5164
  5.000   1.2427  0.00596  18000000  -0.1476  0.2770  0.5344
  6.000   1.3630  0.00625  18000000  -0.1492  0.2663  0.5470
  7.000   1.4794  0.00683  18000000  -0.1504  0.2404  0.5645
  8.000   1.5926  0.00759  18000000  -0.1510  0.2090  0.5786
  9.000   1.6901  0.00953  18000000  -0.1491  0.1327  0.5865
 10.000   1.7778  0.01182  18000000  -0.1457  0.0626  0.6032
 11.000   1.8671  0.01349  18000000  -0.1426  0.0359  0.6133
 12.000   1.9514  0.01501  18000000  -0.1388  0.0258  0.6250
 13.000   2.0074  0.01677  18000000  -0.1301  0.0209  0.6379
 14.000   2.0524  0.01958  18000000  -0.1217  0.0177  0.6462
 15.000   2.0868  0.02433  18000000  -0.1152  0.0153  0.6608
 16.000   2.1050  0.03241  18000000  -0.1119  0.0142  0.6670
 17.000   2.0893  0.04486  18000000  -0.1098  0.0128  0.6814
 18.000   2.0425  0.06110  18000000  -0.1082  0.0123  0.6871
 19.000   1.9745  0.08078  18000000  -0.1083  0.0116  0.6963
 20.000   1.9280  0.09840  18000000  -0.1096  0.0106  0.7050
 21.000   1.8916  0.11514  18000000  -0.1124  0.0104  0.7094
 22.000   1.8616  0.13143  18000000  -0.1168  0.0099  0.7219
 23.000   1.8508  0.14511  18000000  -0.1219  0.0089  0.7276
 24.000   1.8377  0.15942  18000000  -0.1287  0.0086  0.7411
 25.000   1.8394  0.17129  18000000  -0.1354  0.0082  0.7474
 26.000   1.8415  0.18310  18000000  -0.1431  0.0075  0.7632
 28.000   1.8546  0.20479  18000000  -0.1598  0.0067  0.7874
 29.000   1.8608  0.21533  18000000  -0.1690  0.0064  0.8029
 30.000   1.8646  0.22618  18000000  -0.1792  0.0059  0.8238

XFOIL
Airfoil = OSO-21
Re = 18e6
Ncrit = 3.0
X_trip_upper = 0.05
X_trip_lower = 0.05
 alpha      CL      CD        Re       CM     S_xtr   P_xtr
-------  -------  -------  --------  -------  ------  ------
-30.000  -1.1100  0.24738  18000000   0.0679  1.0000  0.0059
-29.000  -1.1299  0.22714  18000000   0.0496  1.0000  0.0063
-28.000  -1.1704  0.20315  18000000   0.0289  1.0000  0.0065
-27.000  -1.2287  0.17719  18000000   0.0077  1.0000  0.0066
-26.000  -1.3067  0.14943  18000000  -0.0130  1.0000  0.0067
-25.000  -1.4150  0.11922  18000000  -0.0325  1.0000  0.0070
-24.000  -1.5057  0.09373  18000000  -0.0467  1.0000  0.0072
-23.000  -1.5668  0.07413  18000000  -0.0565  0.6821  0.0076
-21.000  -1.5865  0.04887  18000000  -0.0666  0.6068  0.0084
-20.000  -1.5638  0.04038  18000000  -0.0693  0.5768  0.0085
-19.000  -1.5286  0.03339  18000000  -0.0711  0.5537  0.0089
-18.000  -1.4845  0.02751  18000000  -0.0724  0.5289  0.0096
-17.000  -1.4299  0.02284  18000000  -0.0731  0.5068  0.0103
-16.000  -1.3614  0.01923  18000000  -0.0738  0.4867  0.0109
-15.000  -1.2850  0.01624  18000000  -0.0745  0.4674  0.0121
-13.000  -1.0628  0.01276  18000000  -0.0841  0.0500  0.0149
-12.000  -0.9347  0.01148  18000000  -0.0902  0.0500  0.0161
-11.000  -0.8089  0.01058  18000000  -0.0944  0.0500  0.0186
-10.000  -0.6822  0.00990  18000000  -0.0982  0.0500  0.0214
 -9.000  -0.5546  0.00936  18000000  -0.1019  0.0500  0.0249
 -8.000  -0.4263  0.00891  18000000  -0.1055  0.0500  0.0302
 -7.000  -0.2978  0.00857  18000000  -0.1090  0.0500  0.0363
 -5.000  -0.0413  0.00817  18000000  -0.1156  0.0500  0.0500
 -4.000   0.0855  0.00815  18000000  -0.1184  0.0500  0.0500
 -3.000   0.2119  0.00817  18000000  -0.1211  0.0500  0.0500
 -2.000   0.3377  0.00823  18000000  -0.1237  0.0500  0.0500
 -1.000   0.4630  0.00835  18000000  -0.1262  0.0500  0.0500
  0.000   0.5875  0.00850  18000000  -0.1286  0.0500  0.0500
  1.000   0.7112  0.00870  18000000  -0.1309  0.0500  0.0500
  2.000   0.8339  0.00894  18000000  -0.1330  0.0500  0.0500
  3.000   0.9554  0.00923  18000000  -0.1349  0.0500  0.0500
  4.000   1.0757  0.00957  18000000  -0.1367  0.0500  0.0500
  5.000   1.1945  0.00995  18000000  -0.1382  0.0500  0.0500
  6.000   1.3117  0.01039  18000000  -0.1395  0.0500  0.0500
  7.000   1.4269  0.01088  18000000  -0.1405  0.0500  0.0500
  8.000   1.5358  0.01176  18000000  -0.1405  0.0337  0.0500
 10.000   1.7424  0.01370  18000000  -0.1388  0.0179  0.0500
 11.000   1.8371  0.01482  18000000  -0.1366  0.0150  0.0500
 12.000   1.9187  0.01620  18000000  -0.1324  0.0124  0.0500
 15.000   2.0574  0.02663  18000000  -0.1132  0.0086  0.5962
 16.000   2.0697  0.03588  18000000  -0.1109  0.0082  0.6052
 17.000   2.0396  0.05010  18000000  -0.1089  0.0076  0.6143
 18.000   1.9815  0.06809  18000000  -0.1079  0.0070  0.6232
 19.000   1.9267  0.08654  18000000  -0.1085  0.0067  0.6267
 20.000   1.8839  0.10401  18000000  -0.1103  0.0066  0.6358
 21.000   1.8489  0.12087  18000000  -0.1137  0.0063  0.6443
 22.000   1.8345  0.13505  18000000  -0.1179  0.0058  0.6496
 23.000   1.8164  0.15009  18000000  -0.1239  0.0054  0.6604
 24.000   1.8177  0.16226  18000000  -0.1300  0.0052  0.6667
 25.000   1.8203  0.17408  18000000  -0.1369  0.0049  0.6766
 26.000   1.8244  0.18566  18000000  -0.1446  0.0045  0.6863
 27.000   1.8302  0.19683  18000000  -0.1529  0.0041  0.6952
 28.000   1.8376  0.20746  18000000  -0.1616  0.0039  0.7060
 29.000   1.8451  0.21784  18000000  -0.1708  0.0038  0.7159
 30.000   1.8512  0.22832  18000000  -0.1808  0.0036  0.7259

XFOIL
Airfoil = OSO-30
Re = 3e6
Ncrit = 9.0
X_trip_upper = 1.0
X_trip_lower = 1.0
 alpha      CL      CD        Re       CM     S_xtr   P_xtr
-------  -------  -------  --------  -------  ------  ------
-30.000  -1.2998  0.20016   3000000   0.0302  1.0000  0.0287
-29.000  -1.2825  0.19019   3000000   0.0208  1.0000  0.0306
-28.000  -1.2671  0.17980   3000000   0.0118  1.0000  0.0331
-27.000  -1.2461  0.17005   3000000   0.0037  1.0000  0.0355
-26.000  -1.2286  0.15972   3000000  -0.0039  1.0000  0.0388
-25.000  -1.2101  0.14945   3000000  -0.0109  1.0000  0.0424
-24.000  -1.1914  0.13922   3000000  -0.0172  1.0000  0.0467
-23.000  -1.1730  0.12894   3000000  -0.0228  1.0000  0.0514
-22.000  -1.1576  0.11838   3000000  -0.0277  1.0000  0.0574
-21.000  -1.1445  0.10765   3000000  -0.0320  1.0000  0.0647
-20.000  -1.1328  0.09695   3000000  -0.0356  1.0000  0.0735
-19.000  -1.1342  0.08507   3000000  -0.0386  1.0000  0.0853
-18.000  -1.1314  0.07416   3000000  -0.0408  1.0000  0.1007
-17.000  -1.1483  0.06193   3000000  -0.0419  1.0000  0.1220
-16.000  -1.1780  0.05004   3000000  -0.0404  1.0000  0.1493
-15.000  -1.1893  0.03729   3000000  -0.0441  0.9884  0.1871
-14.000  -1.2081  0.02700   3000000  -0.0426  0.7534  0.2231
-13.000  -1.2013  0.01967   3000000  -0.0403  0.6705  0.2523
-12.000  -1.1545  0.01474   3000000  -0.0405  0.6262  0.2745
-11.000  -1.0328  0.01185   3000000  -0.0503  0.5913  0.2977
-10.000  -0.8900  0.01029   3000000  -0.0610  0.5616  0.3161
 -9.000  -0.7476  0.00946   3000000  -0.0699  0.5369  0.3356
 -8.000  -0.6087  0.00900   3000000  -0.0770  0.5154  0.3474
 -7.000  -0.4725  0.00881   3000000  -0.0830  0.4955  0.3545
 -6.000  -0.3344  0.00853   3000000  -0.0896  0.4769  0.3667
 -5.000  -0.1988  0.00846   3000000  -0.0952  0.4583  0.3745
 -4.000  -0.0625  0.00833   3000000  -0.1010  0.4457  0.3851
 -3.000   0.0726  0.00829   3000000  -0.1063  0.4325  0.3940
 -2.000   0.2067  0.00833   3000000  -0.1114  0.4165  0.4032
 -1.000   0.3405  0.00837   3000000  -0.1164  0.4055  0.4130
  0.000   0.4731  0.00846   3000000  -0.1211  0.3941  0.4218
  1.000   0.6046  0.00864   3000000  -0.1255  0.3791  0.4322
  2.000   0.7354  0.00878   3000000  -0.1297  0.3712  0.4407
  3.000   0.8649  0.00901   3000000  -0.1337  0.3593  0.4523
  4.000   0.9922  0.00929   3000000  -0.1371  0.3490  0.4601
  5.000   1.1193  0.00956   3000000  -0.1406  0.3393  0.4733
  6.000   1.2419  0.01001   3000000  -0.1431  0.3265  0.4805
  7.000   1.3653  0.01033   3000000  -0.1458  0.3193  0.4951
  8.000   1.4828  0.01087   3000000  -0.1473  0.3079  0.5044
  9.000   1.5976  0.01142   3000000  -0.1484  0.2980  0.5176
 10.000   1.7076  0.01204   3000000  -0.1485  0.2879  0.5292
 11.000   1.8012  0.01315   3000000  -0.1458  0.2668  0.5401
 12.000   1.8745  0.01447   3000000  -0.1393  0.2526  0.5535
 13.000   1.9429  0.01640   3000000  -0.1329  0.2371  0.5626
 14.000   1.9967  0.01936   3000000  -0.1256  0.2185  0.5779
 15.000   2.0350  0.02388   3000000  -0.1184  0.1999  0.5863
 16.000   2.0352  0.03263   3000000  -0.1114  0.1763  0.6011
 17.000   1.9868  0.04746   3000000  -0.1058  0.1529  0.6078
 18.000   1.8953  0.06787   3000000  -0.1019  0.1312  0.6179
 19.000   1.8051  0.08953   3000000  -0.1010  0.1115  0.6257
 20.000   1.7381  0.10950   3000000  -0.1027  0.0940  0.6309
 21.000   1.6956  0.12725   3000000  -0.1069  0.0789  0.6425
 22.000   1.6746  0.14259   3000000  -0.1124  0.0673  0.6522
 23.000   1.6619  0.15694   3000000  -0.1191  0.0578  0.6620
 24.000   1.6640  0.16929   3000000  -0.1262  0.0506  0.6750
 25.000   1.6717  0.18067   3000000  -0.1337  0.0450  0.6863
 26.000   1.6817  0.19160   3000000  -0.1417  0.0403  0.6996
 27.000   1.6926  0.20224   3000000  -0.1503  0.0362  0.7132
 29.000   1.7165  0.22243   3000000  -0.1685  0.0302  0.7414
 30.000   1.7286  0.23217   3000000  -0.1783  0.0278  0.7575

XFOIL
Airfoil = OSO-30
Re = 3e6
Ncrit = 3.0
X_trip_upper = 0.05
X_trip_lower = 0.05
 alpha      CL      CD        Re       CM     S_xtr   P_xtr
-------  -------  -------  --------  -------  ------  ------
-30.000  -1.2701  0.20478   3000000   0.0331  1.0000  0.0191
-29.000  -1.2514  0.19491   3000000   0.0236  1.0000  0.0202
-28.000  -1.2331  0.18485   3000000   0.0146  1.0000  0.0216
-27.000  -1.2127  0.17490   3000000   0.0062  1.0000  0.0233
-26.000  -1.1913  0.16496   3000000  -0.0015  1.0000  0.0249
-25.000  -1.1686  0.15517   3000000  -0.0086  1.0000  0.0268
-24.000  -1.1471  0.14509   3000000  -0.0151  1.0000  0.0293
-23.000  -1.1228  0.13541   3000000  -0.0208  1.0000  0.0312
-22.000  -1.1019  0.12527   3000000  -0.0261  1.0000  0.0345
-21.000  -1.0807  0.11527   3000000  -0.0306  1.0000  0.0376
-20.000  -1.0552  0.10498   3000000  -0.0359  0.9466  0.0418
-19.000  -1.0347  0.09606   3000000  -0.0384  0.6703  0.0459
-18.000  -1.0052  0.08765   3000000  -0.0422  0.0500  0.0500
-17.000  -0.9701  0.07967   3000000  -0.0448  0.0500  0.0500
-16.000  -0.9328  0.07201   3000000  -0.0471  0.0500  0.0500
-15.000  -0.8930  0.06475   3000000  -0.0491  0.0500  0.0500
-14.000  -0.8506  0.05790   3000000  -0.0509  0.0500  0.0500
-13.000  -0.8054  0.05147   3000000  -0.0524  0.0500  0.0500
-12.000  -0.7576  0.04542   3000000  -0.0536  0.0500  0.0500
-11.000  -0.7085  0.03964   3000000  -0.0547  0.0500  0.0500
-10.000  -0.6529  0.03465   3000000  -0.0555  0.0500  0.0500
 -9.000  -0.5941  0.03016   3000000  -0.0560  0.0500  0.0500
 -8.000  -0.5355  0.02603   3000000  -0.0559  0.0500  0.0500
 -7.000  -0.4930  0.02221   3000000  -0.0526  0.0500  0.0500
 -6.000  -0.4137  0.01932   3000000  -0.0546  0.0500  0.0500
 -5.000  -0.2970  0.01740   3000000  -0.0615  0.0500  0.0500
 -4.000  -0.1639  0.01603   3000000  -0.0703  0.0500  0.0500
 -3.000  -0.0231  0.01512   3000000  -0.0797  0.0500  0.0500
 -2.000   0.1170  0.01462   3000000  -0.0880  0.0500  0.0500
 -1.000   0.2522  0.01444   3000000  -0.0944  0.0500  0.0500
  0.000   0.3850  0.01441   3000000  -0.1002  0.0500  0.0500
  1.000   0.5155  0.01451   3000000  -0.1052  0.0500  0.0500
  2.000   0.6432  0.01473   3000000  -0.1096  0.0500  0.0500
  3.000   0.7677  0.01505   3000000  -0.1132  0.0500  0.0500
  4.000   0.8882  0.01548   3000000  -0.1160  0.0500  0.0500
  5.000   1.0033  0.01603   3000000  -0.1177  0.0500  0.0500
  6.000   1.1096  0.01672   3000000  -0.1178  0.0500  0.0500
  7.000   1.1906  0.01762   3000000  -0.1130  0.0500  0.0500
  8.000   1.2708  0.01913   3000000  -0.1089  0.0500  0.0500
  9.000   1.3478  0.02116   3000000  -0.1052  0.0500  0.0500
 11.000   1.4749  0.02827   3000000  -0.0987  0.0500  0.0500
 12.000   1.5222  0.03439   3000000  -0.0970  0.0500  0.0500
 13.000   1.5529  0.04276   3000000  -0.0959  0.0500  0.0500
 14.000   1.5666  0.05306   3000000  -0.0949  0.0500  0.0500
 17.000   1.5765  0.09132   3000000  -0.0993  0.0500  0.5347
 18.000   1.5760  0.10411   3000000  -0.1007  0.0500  0.5404
 19.000   1.5701  0.11776   3000000  -0.1033  0.0476  0.5525
 20.000   1.5641  0.13147   3000000  -0.1072  0.0417  0.5602
 21.000   1.5704  0.14365   3000000  -0.1119  0.0376  0.5698
 22.000   1.5732  0.15635   3000000  -0.1180  0.0336  0.5809
 23.000   1.5871  0.16737   3000000  -0.1242  0.0308  0.5886
 24.000   1.6012  0.17822   3000000  -0.1311  0.0279  0.6030
 25.000   1.6158  0.18880   3000000  -0.1386  0.0253  0.6101
 26.000   1.6343  0.19868   3000000  -0.1463  0.0236  0.6261
 27.000   1.6493  0.20877   3000000  -0.1548  0.0215  0.6337
 28.000   1.6658  0.21843   3000000  -0.1636  0.0200  0.6503
 29.000   1.6806  0.22809   3000000  -0.1730  0.0187  0.6591
 30.000   1.6955  0.23751   3000000  -0.1827  0.0174  0.6754

XFOIL
Airfoil = OSO-30
Re = 6e6
Ncrit = 9.0
X_trip_upper = 1.0
X_trip_lower = 1.0
 alpha      CL      CD        Re       CM     S_xtr   P_xtr
-------  -------  -------  --------  -------  ------  ------
-30.000  -1.3617  0.19120   6000000   0.0248  1.0000  0.0240
-29.000  -1.3478  0.18094   6000000   0.0157  1.0000  0.0262
-28.000  -1.3272  0.17142   6000000   0.0075  1.0000  0.0278
-27.000  -1.3102  0.16128   6000000  -0.0003  1.0000  0.0302
-26.000  -1.2899  0.15154   6000000  -0.0073  1.0000  0.0325
-25.000  -1.2700  0.14164   6000000  -0.0137  1.0000  0.0349
-24.000  -1.2533  0.13135   6000000  -0.0195  1.0000  0.0385
-23.000  -1.2354  0.12121   6000000  -0.0246  1.0000  0.0420
-22.000  -1.2187  0.11101   6000000  -0.0291  1.0000  0.0463
-21.000  -1.2022  0.10091   6000000  -0.0329  1.0000  0.0510
-20.000  -1.1889  0.09064   6000000  -0.0361  1.0000  0.0574
-19.000  -1.1771  0.08043   6000000  -0.0387  1.0000  0.0649
-18.000  -1.1730  0.06974   6000000  -0.0407  1.0000  0.0738
-17.000  -1.1655  0.06005   6000000  -0.0417  1.0000  0.0865
-16.000  -1.1595  0.04952   6000000  -0.0443  0.8066  0.1040
-15.000  -1.1640  0.03951   6000000  -0.0444  0.6877  0.1266
-14.000  -1.1776  0.02927   6000000  -0.0434  0.6398  0.1590
-13.000  -1.1913  0.02003   6000000  -0.0409  0.6044  0.1946
-12.000  -1.1586  0.01339   6000000  -0.0422  0.5738  0.2299
-11.000  -1.0205  0.01024   6000000  -0.0557  0.5462  0.2655
-10.000  -0.8733  0.00897   6000000  -0.0666  0.5227  0.2884
 -9.000  -0.7324  0.00832   6000000  -0.0745  0.5008  0.3102
 -8.000  -0.5926  0.00787   6000000  -0.0817  0.4809  0.3304
 -7.000  -0.4562  0.00770   6000000  -0.0875  0.4666  0.3377
 -6.000  -0.3186  0.00747   6000000  -0.0937  0.4522  0.3508
 -5.000  -0.1832  0.00742   6000000  -0.0992  0.4355  0.3587
 -4.000  -0.0475  0.00736   6000000  -0.1047  0.4198  0.3688
 -3.000   0.0875  0.00732   6000000  -0.1099  0.4101  0.3782
 -2.000   0.2217  0.00735   6000000  -0.1150  0.3961  0.3867
 -1.000   0.3553  0.00742   6000000  -0.1198  0.3833  0.3967
  0.000   0.4883  0.00749   6000000  -0.1245  0.3742  0.4046
  1.000   0.6203  0.00763   6000000  -0.1290  0.3601  0.4161
  2.000   0.7513  0.00779   6000000  -0.1331  0.3518  0.4228
  3.000   0.8818  0.00796   6000000  -0.1373  0.3411  0.4359
  4.000   1.0097  0.00825   6000000  -0.1408  0.3288  0.4415
  5.000   1.1383  0.00844   6000000  -0.1445  0.3213  0.4562
  6.000   1.2630  0.00882   6000000  -0.1473  0.3085  0.4628
  7.000   1.3875  0.00914   6000000  -0.1502  0.3006  0.4770
  8.000   1.5089  0.00955   6000000  -0.1524  0.2903  0.4869
  9.000   1.6259  0.01010   6000000  -0.1539  0.2765  0.4982
 10.000   1.7348  0.01093   6000000  -0.1539  0.2544  0.5111
 11.000   1.8364  0.01187   6000000  -0.1525  0.2362  0.5197
 12.000   1.9250  0.01303   6000000  -0.1488  0.2173  0.5351
 13.000   1.9794  0.01492   6000000  -0.1391  0.1985  0.5412
 14.000   2.0217  0.01807   6000000  -0.1294  0.1736  0.5579
 15.000   2.0346  0.02385   6000000  -0.1188  0.1461  0.5636
 16.000   2.0167  0.03429   6000000  -0.1110  0.1196  0.5790
 17.000   1.9673  0.04952   6000000  -0.1059  0.1004  0.5846
 18.000   1.8875  0.06901   6000000  -0.1026  0.0854  0.5931
 19.000   1.8205  0.08824   6000000  -0.1019  0.0741  0.6031
 20.000   1.7689  0.10629   6000000  -0.1032  0.0638  0.6078
 21.000   1.7390  0.12229   6000000  -0.1063  0.0564  0.6196
 22.000   1.7287  0.13594   6000000  -0.1106  0.0493  0.6297
 23.000   1.7180  0.14979   6000000  -0.1164  0.0441  0.6394
 24.000   1.7219  0.16170   6000000  -0.1226  0.0395  0.6522
 25.000   1.7295  0.17289   6000000  -0.1294  0.0355  0.6627
 26.000   1.7393  0.18367   6000000  -0.1367  0.0322  0.6760
 27.000   1.7493  0.19426   6000000  -0.1448  0.0291  0.6887
 28.000   1.7630  0.20409   6000000  -0.1530  0.0271  0.7006
 29.000   1.7743  0.21397   6000000  -0.1619  0.0249  0.7165
 30.000   1.7856  0.22363   6000000  -0.1712  0.0231  0.7273

XFOIL
Airfoil = OSO-30
Re = 6e6
Ncrit = 3.0
X_trip_upper = 0.05
X_trip_lower = 0.05
 alpha      CL      CD        Re       CM     S_xtr   P_xtr
-------  -------  -------  --------  -------  ------  ------
-30.000  -1.3249  0.19675   6000000   0.0281  1.0000  0.0158
-29.000  -1.3084  0.18670   6000000   0.0189  1.0000  0.0170
-28.000  -1.2880  0.17706   6000000   0.0104  1.0000  0.0180
-27.000  -1.2688  0.16708   6000000   0.0024  1.0000  0.0193
-26.000  -1.2464  0.15749   6000000  -0.0048  1.0000  0.0204
-25.000  -1.2268  0.14737   6000000  -0.0116  1.0000  0.0224
-24.000  -1.2034  0.13776   6000000  -0.0175  1.0000  0.0235
-23.000  -1.1835  0.12764   6000000  -0.0230  1.0000  0.0258
-22.000  -1.1607  0.11828   6000000  -0.0276  0.7564  0.0277
-21.000  -1.1396  0.10845   6000000  -0.0319  0.6633  0.0301
-20.000  -1.1190  0.09866   6000000  -0.0357  0.6193  0.0333
-19.000  -1.0945  0.08943   6000000  -0.0389  0.5906  0.0358
-17.000  -1.0461  0.07166   6000000  -0.0447  0.0500  0.0441
-15.000  -0.9843  0.05581   6000000  -0.0482  0.0500  0.0500
-14.000  -0.9396  0.04945   6000000  -0.0497  0.0500  0.0500
-13.000  -0.8916  0.04353   6000000  -0.0509  0.0500  0.0500
-12.000  -0.8397  0.03808   6000000  -0.0519  0.0500  0.0500
-11.000  -0.7844  0.03307   6000000  -0.0528  0.0500  0.0500
-10.000  -0.7292  0.02821   6000000  -0.0533  0.0500  0.0500
 -9.000  -0.6687  0.02419   6000000  -0.0534  0.0500  0.0500
 -8.000  -0.6277  0.02028   6000000  -0.0499  0.0500  0.0500
 -7.000  -0.5345  0.01769   6000000  -0.0538  0.0500  0.0500
 -6.000  -0.4128  0.01579   6000000  -0.0615  0.0500  0.0500
 -5.000  -0.2766  0.01449   6000000  -0.0706  0.0500  0.0500
 -4.000  -0.1336  0.01359   6000000  -0.0803  0.0500  0.0500
 -3.000   0.0069  0.01311   6000000  -0.0883  0.0500  0.0500
 -2.000   0.1435  0.01289   6000000  -0.0949  0.0500  0.0500
 -1.000   0.2783  0.01280   6000000  -0.1009  0.0500  0.0500
  0.000   0.4114  0.01282   6000000  -0.1063  0.0500  0.0500
  1.000   0.5426  0.01293   6000000  -0.1113  0.0500  0.0500
  2.000   0.6717  0.01313   6000000  -0.1157  0.0500  0.0500
  3.000   0.7982  0.01341   6000000  -0.1195  0.0500  0.0500
  4.000   0.9218  0.01378   6000000  -0.1227  0.0500  0.0500
  5.000   1.0416  0.01424   6000000  -0.1251  0.0500  0.0500
  6.000   1.1564  0.01480   6000000  -0.1266  0.0500  0.0500
  7.000   1.2631  0.01547   6000000  -0.1265  0.0500  0.0500
  8.000   1.3561  0.01632   6000000  -0.1239  0.0500  0.0500
  9.000   1.4248  0.01771   6000000  -0.1171  0.0500  0.0500
 10.000   1.5011  0.01959   6000000  -0.1128  0.0500  0.0500
 11.000   1.5697  0.02221   6000000  -0.1086  0.0500  0.0500
 13.000   1.6783  0.03146   6000000  -0.1022  0.0500  0.0500
 15.000   1.7511  0.04826   6000000  -0.1031  0.0500  0.4990
 16.000   1.7290  0.06219   6000000  -0.1012  0.0462  0.5065
 17.000   1.6971  0.07774   6000000  -0.1004  0.0417  0.5158
 18.000   1.6631  0.09402   6000000  -0.1008  0.0376  0.5205
 19.000   1.6528  0.10775   6000000  -0.1023  0.0346  0.5304
 20.000   1.6368  0.12250   6000000  -0.1055  0.0312  0.5393
 21.000   1.6390  0.13489   6000000  -0.1093  0.0285  0.5478
 22.000   1.6375  0.14793   6000000  -0.1147  0.0259  0.5582
 23.000   1.6477  0.15926   6000000  -0.1203  0.0240  0.5666
 24.000   1.6595  0.17028   6000000  -0.1268  0.0219  0.5784
 25.000   1.6741  0.18067   6000000  -0.1336  0.0203  0.5873
 26.000   1.6886  0.19096   6000000  -0.1412  0.0187  0.6003
 27.000   1.7054  0.20068   6000000  -0.1490  0.0177  0.6098
 28.000   1.7183  0.21074   6000000  -0.1577  0.0161  0.6235
 29.000   1.7340  0.22006   6000000  -0.1664  0.0152  0.6336
 30.000   1.7469  0.22964   6000000  -0.1759  0.0142  0.6480

XFOIL
Airfoil = OSO-30
Re = 12e6
Ncrit = 9.0
X_trip_upper = 1.0
X_trip_lower = 1.0
 alpha      CL      CD        Re       CM     S_xtr   P_xtr
-------  -------  -------  --------  -------  ------  ------
-30.000  -1.4205  0.18303  12000000   0.0201  1.0000  0.0204
-29.000  -1.4050  0.17310  12000000   0.0115  1.0000  0.0223
-28.000  -1.3863  0.16347  12000000   0.0036  1.0000  0.0235
-27.000  -1.3683  0.15368  12000000  -0.0036  1.0000  0.0254
-26.000  -1.3493  0.14387  12000000  -0.0102  1.0000  0.0270
-25.000  -1.3320  0.13386  12000000  -0.0162  1.0000  0.0294
-24.000  -1.3119  0.12414  12000000  -0.0214  1.0000  0.0310
-23.000  -1.2977  0.11379  12000000  -0.0261  1.0000  0.0344
-22.000  -1.2811  0.10382  12000000  -0.0301  1.0000  0.0375
-21.000  -1.2631  0.09410  12000000  -0.0335  1.0000  0.0406
-20.000  -1.2464  0.08439  12000000  -0.0364  1.0000  0.0447
-19.000  -1.2288  0.07500  12000000  -0.0388  1.0000  0.0493
-18.000  -1.2106  0.06585  12000000  -0.0411  0.8096  0.0560
-17.000  -1.1990  0.05643  12000000  -0.0427  0.6934  0.0636
-16.000  -1.1791  0.04806  12000000  -0.0438  0.6390  0.0737
-15.000  -1.1668  0.03925  12000000  -0.0443  0.6019  0.0865
-14.000  -1.1556  0.03076  12000000  -0.0442  0.5724  0.1047
-13.000  -1.1412  0.02303  12000000  -0.0433  0.5505  0.1280
-11.000  -1.0205  0.01028  12000000  -0.0551  0.5115  0.2117
-10.000  -0.8673  0.00851  12000000  -0.0682  0.4920  0.2493
 -9.000  -0.7248  0.00778  12000000  -0.0765  0.4740  0.2741
 -8.000  -0.5830  0.00720  12000000  -0.0842  0.4559  0.3041
 -7.000  -0.4451  0.00695  12000000  -0.0905  0.4370  0.3206
 -6.000  -0.3081  0.00678  12000000  -0.0964  0.4256  0.3343
 -5.000  -0.1727  0.00671  12000000  -0.1018  0.4133  0.3420
 -4.000  -0.0370  0.00666  12000000  -0.1072  0.3973  0.3525
 -3.000   0.0976  0.00667  12000000  -0.1123  0.3866  0.3620
 -2.000   0.2322  0.00666  12000000  -0.1174  0.3762  0.3699
 -1.000   0.3657  0.00674  12000000  -0.1222  0.3609  0.3810
  0.000   0.4988  0.00681  12000000  -0.1268  0.3538  0.3873
  1.000   0.6314  0.00691  12000000  -0.1314  0.3419  0.4000
  2.000   0.7623  0.00710  12000000  -0.1355  0.3313  0.4051
  3.000   0.8936  0.00721  12000000  -0.1398  0.3230  0.4191
  4.000   1.0221  0.00749  12000000  -0.1434  0.3088  0.4247
  5.000   1.1511  0.00768  12000000  -0.1471  0.3023  0.4386
  6.000   1.2776  0.00798  12000000  -0.1503  0.2915  0.4465
  7.000   1.4021  0.00835  12000000  -0.1531  0.2784  0.4587
  8.000   1.5246  0.00875  12000000  -0.1556  0.2683  0.4692
  9.000   1.6387  0.00955  12000000  -0.1565  0.2396  0.4790
 10.000   1.7493  0.01035  12000000  -0.1568  0.2172  0.4921
 11.000   1.8503  0.01139  12000000  -0.1553  0.1954  0.4996
 12.000   1.9327  0.01284  12000000  -0.1505  0.1682  0.5150
 13.000   1.9702  0.01526  12000000  -0.1379  0.1412  0.5208
 14.000   1.9944  0.01934  12000000  -0.1260  0.1129  0.5362
 15.000   2.0098  0.02548  12000000  -0.1167  0.0915  0.5413
 16.000   2.0049  0.03538  12000000  -0.1107  0.0751  0.5567
 17.000   1.9731  0.04912  12000000  -0.1065  0.0636  0.5623
 18.000   1.9301  0.06469  12000000  -0.1038  0.0568  0.5727
 19.000   1.8746  0.08239  12000000  -0.1026  0.0508  0.5821
 20.000   1.8333  0.09894  12000000  -0.1031  0.0456  0.5852
 21.000   1.8012  0.11488  12000000  -0.1053  0.0411  0.5991
 22.000   1.7914  0.12818  12000000  -0.1086  0.0368  0.6072
 23.000   1.7756  0.14251  12000000  -0.1138  0.0334  0.6167
 24.000   1.7812  0.15392  12000000  -0.1191  0.0310  0.6297
 25.000   1.7888  0.16499  12000000  -0.1252  0.0283  0.6383
 26.000   1.7952  0.17606  12000000  -0.1322  0.0254  0.6531
 27.000   1.8080  0.18605  12000000  -0.1393  0.0241  0.6627
 28.000   1.8179  0.19633  12000000  -0.1474  0.0219  0.6773
 29.000   1.8307  0.20590  12000000  -0.1556  0.0208  0.6897
 30.000   1.8394  0.21579  12000000  -0.1647  0.0188  0.7015

XFOIL
Airfoil = OSO-30
Re = 12e6
Ncrit = 3.0
X_trip_upper = 0.05
X_trip_lower = 0.05
 alpha      CL      CD        Re       CM     S_xtr   P_xtr
-------  -------  -------  --------  -------  ------  ------
-30.000  -1.3789  0.18906  12000000   0.0235  1.0000  0.0134
-29.000  -0.9666  0.16577  12000000  -0.0078  1.0000  0.0146
-28.000  -1.3416  0.16970  12000000   0.0066  1.0000  0.0147
-27.000  -1.3230  0.15981  12000000  -0.0010  1.0000  0.0160
-26.000  -1.3038  0.14989  12000000  -0.0079  1.0000  0.0172
-25.000  -1.2814  0.14033  12000000  -0.0141  1.0000  0.0178
-24.000  -1.2632  0.13056  12000000  -0.0196  0.6805  0.0195
-23.000  -1.2417  0.12087  12000000  -0.0247  0.6377  0.0207
-22.000  -1.2226  0.11093  12000000  -0.0292  0.6042  0.0225
-21.000  -1.2012  0.10138  12000000  -0.0330  0.5777  0.0240
-20.000  -1.1822  0.09168  12000000  -0.0364  0.5539  0.0265
-19.000  -1.1584  0.08258  12000000  -0.0392  0.5376  0.0285
-17.000  -1.1159  0.06461  12000000  -0.0443  0.0500  0.0343
-16.000  -1.0874  0.05666  12000000  -0.0459  0.0500  0.0382
-15.000  -1.0550  0.04928  12000000  -0.0471  0.0500  0.0429
-14.000  -1.0200  0.04233  12000000  -0.0481  0.0500  0.0481
-13.000  -0.9794  0.03594  12000000  -0.0489  0.0500  0.0500
-12.000  -0.9231  0.03106  12000000  -0.0497  0.0500  0.0500
-11.000  -0.8628  0.02668  12000000  -0.0504  0.0500  0.0500
-10.000  -0.8041  0.02249  12000000  -0.0505  0.0500  0.0500
 -9.000  -0.7587  0.01877  12000000  -0.0475  0.0500  0.0500
 -8.000  -0.6578  0.01616  12000000  -0.0528  0.0500  0.0500
 -7.000  -0.5316  0.01444  12000000  -0.0608  0.0500  0.0500
 -6.000  -0.3928  0.01319  12000000  -0.0702  0.0500  0.0500
 -5.000  -0.2479  0.01231  12000000  -0.0801  0.0500  0.0500
 -4.000  -0.1082  0.01188  12000000  -0.0877  0.0500  0.0500
 -3.000   0.0291  0.01163  12000000  -0.0943  0.0500  0.0500
 -2.000   0.1650  0.01150  12000000  -0.1004  0.0500  0.0500
 -1.000   0.2997  0.01146  12000000  -0.1061  0.0500  0.0500
  0.000   0.4330  0.01150  12000000  -0.1113  0.0500  0.0500
  1.000   0.5647  0.01161  12000000  -0.1162  0.0500  0.0500
  2.000   0.6947  0.01180  12000000  -0.1206  0.0500  0.0500
  3.000   0.8227  0.01204  12000000  -0.1246  0.0500  0.0500
  4.000   0.9483  0.01236  12000000  -0.1280  0.0500  0.0500
  5.000   1.0711  0.01275  12000000  -0.1309  0.0500  0.0500
  6.000   1.1905  0.01322  12000000  -0.1331  0.0500  0.0500
  7.000   1.3049  0.01377  12000000  -0.1343  0.0500  0.0500
  8.000   1.4120  0.01442  12000000  -0.1342  0.0500  0.0500
  9.000   1.5089  0.01523  12000000  -0.1322  0.0500  0.0500
 10.000   1.5739  0.01653  12000000  -0.1243  0.0500  0.0500
 11.000   1.6496  0.01829  12000000  -0.1196  0.0500  0.0500
 13.000   1.7723  0.02451  12000000  -0.1100  0.0474  0.0500
 16.000   1.8269  0.05222  12000000  -0.1038  0.0324  0.4881
 17.000   1.7950  0.06722  12000000  -0.1020  0.0297  0.4965
 19.000   1.7384  0.09776  12000000  -0.1020  0.0254  0.5113
 20.000   1.7174  0.11266  12000000  -0.1040  0.0236  0.5180
 21.000   1.7132  0.12557  12000000  -0.1070  0.0217  0.5234
 22.000   1.7173  0.13753  12000000  -0.1110  0.0204  0.5376
 23.000   1.7112  0.15083  12000000  -0.1167  0.0186  0.5408
 24.000   1.7215  0.16190  12000000  -0.1225  0.0175  0.5567
 25.000   1.7324  0.17265  12000000  -0.1290  0.0161  0.5621
 26.000   1.7461  0.18288  12000000  -0.1360  0.0152  0.5769
 27.000   1.7576  0.19324  12000000  -0.1438  0.0138  0.5842
 28.000   1.7733  0.20279  12000000  -0.1517  0.0133  0.5986
 29.000   1.7865  0.21238  12000000  -0.1602  0.0125  0.6071
 30.000   1.7966  0.22223  12000000  -0.1696  0.0113  0.6215

XFOIL
Airfoil = OSO-30
Re = 18e6
Ncrit = 9.0
X_trip_upper = 1.0
X_trip_lower = 1.0
 alpha      CL      CD        Re       CM     S_xtr   P_xtr
-------  -------  -------  --------  -------  ------  ------
-30.000  -1.4584  0.17786  18000000   0.0172  1.0000  0.0188
-29.000  -1.4433  0.16795  18000000   0.0088  1.0000  0.0202
-28.000  -1.4105  0.16037  18000000   0.0022  1.0000  0.0212
-27.000  -1.3950  0.15029  18000000  -0.0050  1.0000  0.0230
-26.000  -1.3736  0.14087  18000000  -0.0112  1.0000  0.0240
-23.000  -1.3255  0.11062  18000000  -0.0266  1.0000  0.0305
-22.000  -1.3104  0.10057  18000000  -0.0305  1.0000  0.0334
-21.000  -1.2936  0.09084  18000000  -0.0337  1.0000  0.0356
-20.000  -1.2895  0.07989  18000000  -0.0365  1.0000  0.0391
-19.000  -1.2697  0.07109  18000000  -0.0389  0.7552  0.0436
-18.000  -1.2470  0.06257  18000000  -0.0409  0.6743  0.0483
-17.000  -1.2235  0.05432  18000000  -0.0424  0.6268  0.0543
-16.000  -1.2075  0.04557  18000000  -0.0433  0.5950  0.0606
-15.000  -1.1806  0.03813  18000000  -0.0439  0.5695  0.0713
-14.000  -1.1565  0.03060  18000000  -0.0442  0.5463  0.0821
-13.000  -1.1317  0.02353  18000000  -0.0438  0.5240  0.0993
-12.000  -1.1275  0.01664  18000000  -0.0397  0.5107  0.1218
-11.000  -1.0281  0.01150  18000000  -0.0504  0.4934  0.1621
-10.000  -0.8683  0.00862  18000000  -0.0675  0.4738  0.2138
 -9.000  -0.7237  0.00771  18000000  -0.0766  0.4561  0.2482
 -8.000  -0.5820  0.00714  18000000  -0.0843  0.4370  0.2758
 -7.000  -0.4413  0.00669  18000000  -0.0915  0.4236  0.3056
 -6.000  -0.3039  0.00648  18000000  -0.0974  0.4127  0.3206
 -5.000  -0.1676  0.00638  18000000  -0.1031  0.3971  0.3339
 -4.000  -0.0330  0.00639  18000000  -0.1082  0.3843  0.3405
 -3.000   0.1026  0.00632  18000000  -0.1135  0.3755  0.3523
 -2.000   0.2364  0.00639  18000000  -0.1184  0.3603  0.3605
 -1.000   0.3704  0.00643  18000000  -0.1233  0.3516  0.3698
  0.000   0.5037  0.00649  18000000  -0.1279  0.3415  0.3800
  1.000   0.6357  0.00663  18000000  -0.1323  0.3285  0.3872
  2.000   0.7679  0.00672  18000000  -0.1367  0.3217  0.3992
  3.000   0.8982  0.00693  18000000  -0.1407  0.3085  0.4051
  4.000   1.0280  0.00712  18000000  -0.1446  0.3001  0.4185
  5.000   1.1567  0.00733  18000000  -0.1482  0.2909  0.4241
  6.000   1.2835  0.00765  18000000  -0.1515  0.2767  0.4386
  7.000   1.4083  0.00801  18000000  -0.1544  0.2664  0.4458
  8.000   1.5294  0.00854  18000000  -0.1566  0.2447  0.4589
  9.000   1.6427  0.00940  18000000  -0.1574  0.2144  0.4683
 10.000   1.7520  0.01029  18000000  -0.1575  0.1895  0.4791
 11.000   1.8499  0.01148  18000000  -0.1554  0.1623  0.4912
 12.000   1.9243  0.01318  18000000  -0.1492  0.1307  0.4994
 13.000   1.9543  0.01585  18000000  -0.1354  0.1063  0.5123
 14.000   1.9872  0.01967  18000000  -0.1251  0.0845  0.5199
 15.000   2.0099  0.02545  18000000  -0.1168  0.0690  0.5332
 16.000   2.0168  0.03432  18000000  -0.1114  0.0578  0.5407
 17.000   2.0077  0.04577  18000000  -0.1077  0.0509  0.5524
 18.000   1.9730  0.06032  18000000  -0.1048  0.0455  0.5611
 19.000   1.9225  0.07716  18000000  -0.1031  0.0413  0.5651
 20.000   1.8821  0.09338  18000000  -0.1031  0.0376  0.5785
 21.000   1.8492  0.10914  18000000  -0.1046  0.0346  0.5844
 22.000   1.8260  0.12403  18000000  -0.1077  0.0319  0.5941
 23.000   1.8209  0.13674  18000000  -0.1118  0.0288  0.6060
 24.000   1.8229  0.14843  18000000  -0.1167  0.0268  0.6128
 25.000   1.8301  0.15948  18000000  -0.1224  0.0247  0.6287
 26.000   1.8352  0.17059  18000000  -0.1290  0.0225  0.6343
 27.000   1.8364  0.18224  18000000  -0.1369  0.0214  0.6518
 28.000   1.8425  0.19296  18000000  -0.1450  0.0195  0.6576
 29.000   1.8682  0.20055  18000000  -0.1516  0.0184  0.6767
 30.000   1.8765  0.21039  18000000  -0.1604  0.0171  0.6863

XFOIL
Airfoil = OSO-30
Re = 18e6
Ncrit = 3.0
X_trip_upper = 0.05
X_trip_lower = 0.05
 alpha      CL      CD        Re       CM     S_xtr   P_xtr
-------  -------  -------  --------  -------  ------  ------
-30.000  -1.4159  0.18393  18000000   0.0205  1.0000  0.0119
-29.000  -1.3974  0.17437  18000000   0.0121  1.0000  0.0124
-28.000  -1.3794  0.16458  18000000   0.0041  1.0000  0.0134
-27.000  -1.3618  0.15469  18000000  -0.0032  1.0000  0.0142
-26.000  -1.3409  0.14506  18000000  -0.0098  1.0000  0.0148
-24.000  -1.3034  0.12555  18000000  -0.0211  0.6173  0.0172
-23.000  -1.2822  0.11601  18000000  -0.0258  0.5893  0.0180
-22.000  -1.2663  0.10588  18000000  -0.0300  0.5665  0.0200
-21.000  -1.2440  0.09654  18000000  -0.0336  0.5442  0.0209
-20.000  -1.2256  0.08693  18000000  -0.0367  0.5238  0.0231
-19.000  -1.2024  0.07799  18000000  -0.0394  0.5072  0.0250
-18.000  -1.1774  0.06938  18000000  -0.0416  0.4960  0.0268
-16.000  -1.1163  0.05400  18000000  -0.0454  0.0500  0.0325
-15.000  -1.0924  0.04589  18000000  -0.0465  0.0500  0.0357
-14.000  -1.0542  0.03932  18000000  -0.0473  0.0500  0.0401
-13.000  -1.0125  0.03322  18000000  -0.0479  0.0500  0.0454
-12.000  -0.9694  0.02739  18000000  -0.0483  0.0500  0.0500
-11.000  -0.9072  0.02333  18000000  -0.0487  0.0500  0.0500
-10.000  -0.8661  0.01914  18000000  -0.0457  0.0500  0.0500
 -9.000  -0.7785  0.01629  18000000  -0.0490  0.0500  0.0500
 -8.000  -0.6571  0.01435  18000000  -0.0566  0.0500  0.0500
 -7.000  -0.5209  0.01296  18000000  -0.0658  0.0500  0.0500
 -6.000  -0.3770  0.01197  18000000  -0.0756  0.0500  0.0500
 -5.000  -0.2348  0.01139  18000000  -0.0841  0.0500  0.0500
 -4.000  -0.0969  0.01109  18000000  -0.0909  0.0500  0.0500
 -3.000   0.0400  0.01091  18000000  -0.0972  0.0500  0.0500
 -2.000   0.1758  0.01081  18000000  -0.1031  0.0500  0.0500
 -1.000   0.3104  0.01079  18000000  -0.1087  0.0500  0.0500
  0.000   0.4438  0.01083  18000000  -0.1138  0.0500  0.0500
  1.000   0.5758  0.01094  18000000  -0.1187  0.0500  0.0500
  2.000   0.7062  0.01111  18000000  -0.1231  0.0500  0.0500
  3.000   0.8348  0.01135  18000000  -0.1271  0.0500  0.0500
  4.000   0.9613  0.01164  18000000  -0.1307  0.0500  0.0500
  5.000   1.0854  0.01200  18000000  -0.1338  0.0500  0.0500
  6.000   1.2066  0.01242  18000000  -0.1362  0.0500  0.0500
  7.000   1.3238  0.01292  18000000  -0.1379  0.0500  0.0500
  8.000   1.4353  0.01349  18000000  -0.1385  0.0500  0.0500
  9.000   1.5392  0.01418  18000000  -0.1377  0.0500  0.0500
 10.000   1.6159  0.01508  18000000  -0.1317  0.0500  0.0500
 11.000   1.6920  0.01655  18000000  -0.1263  0.0500  0.0500
 12.000   1.7548  0.01889  18000000  -0.1199  0.0445  0.0500
 13.000   1.8041  0.02255  18000000  -0.1134  0.0375  0.0500
 14.000   1.8628  0.02742  18000000  -0.1120  0.0325  0.4587
 15.000   1.8855  0.03545  18000000  -0.1084  0.0291  0.4675
 16.000   1.8877  0.04615  18000000  -0.1056  0.0264  0.4759
 17.000   1.8693  0.05936  18000000  -0.1034  0.0249  0.4808
 18.000   1.8290  0.07547  18000000  -0.1021  0.0230  0.4909
 19.000   1.8002  0.09067  18000000  -0.1020  0.0214  0.4973
 20.000   1.7728  0.10603  18000000  -0.1033  0.0203  0.5029
 21.000   1.7666  0.11898  18000000  -0.1057  0.0186  0.5140
 22.000   1.7500  0.13344  18000000  -0.1098  0.0173  0.5193
 23.000   1.7553  0.14506  18000000  -0.1144  0.0161  0.5313
 24.000   1.7649  0.15602  18000000  -0.1197  0.0154  0.5393
 25.000   1.7721  0.16722  18000000  -0.1260  0.0137  0.5499
 26.000   1.7856  0.17732  18000000  -0.1326  0.0133  0.5599
 27.000   1.7983  0.18741  18000000  -0.1398  0.0126  0.5701
 28.000   1.8088  0.19765  18000000  -0.1479  0.0113  0.5815
 29.000   1.8223  0.20716  18000000  -0.1562  0.0109  0.5916
 30.000   1.8335  0.21672  18000000  -0.1651  0.0103  0.6042